estYr	sum	running_total	er_maj	Type	Diff	PercInc
1819	7302.96	7302.96	23	area		
1895	1765.8	9068.76	23	area	1765.8	0.194712397
1917	22070.88	31139.64	23	area	22070.88	0.7087712
1920	48.6	31188.24	23	area	48.6	0.00155828
1927	1636.2	32824.44	23	area	1636.2	0.049847004
1929	2371.68	35196.12	23	area	2371.68	0.0673847
1933	1441.8	36637.92	23	area	1441.8	0.039352671
1935	1914.84	38552.76	23	area	1914.84	0.049668039
1936	107146.8	145699.56	23	area	107146.8	0.735395495
1938	2384.64	148084.2	23	area	2384.64	0.016103271
1939	9146.52	157230.72	23	area	9146.52	0.058172601
1940	1794.96	159025.68	23	area	1794.96	0.011287234
1941	58.32	159084	23	area	58.32	0.000366599
1948	4461.48	163545.48	23	area	4461.48	0.027279751
1951	962.28	164507.76	23	area	962.28	0.005849451
1952	42.12	164549.88	23	area	42.12	0.000255971
1954	1108.08	165657.96	23	area	1108.08	0.006688963
1956	842.4	166500.36	23	area	842.4	0.005059449
1959	61.56	166561.92	23	area	61.56	0.000369592
1961	1749.6	168311.52	23	area	1749.6	0.01039501
1962	427.68	168739.2	23	area	427.68	0.002534562
1963	1934.28	170673.48	23	area	1934.28	0.011333219
1967	784.08	171457.56	23	area	784.08	0.004573027
1968	2660.04	174117.6	23	area	2660.04	0.015277261
1969	567	174684.6	23	area	567	0.00324585
1970	51.84	174736.44	23	area	51.84	0.000296675
1971	991.44	175727.88	23	area	991.44	0.005641905
1972	1490.4	177218.28	23	area	1490.4	0.008409968
1973	395.28	177613.56	23	area	395.28	0.002225506
1974	2015.28	179628.84	23	area	2015.28	0.011219134
1975	2698.92	182327.76	23	area	2698.92	0.014802573
1976	427.68	182755.44	23	area	427.68	0.002340177
1977	703.08	183458.52	23	area	703.08	0.003832365
1978	3330.72	186789.24	23	area	3330.72	0.017831434
1979	625.32	187414.56	23	area	625.32	0.00333656
1980	1283.04	188697.6	23	area	1283.04	0.006799451
1981	1665.36	190362.96	23	area	1665.36	0.008748341
1982	479.52	190842.48	23	area	479.52	0.002512648
1983	793.8	191636.28	23	area	793.8	0.004142222
1984	900.72	192537	23	area	900.72	0.004678166
1985	1571.4	194108.4	23	area	1571.4	0.008095477
1986	1503.36	195611.76	23	area	1503.36	0.007685428
1987	2222.64	197834.4	23	area	2222.64	0.011234851
1988	3243.24	201077.64	23	area	3243.24	0.016129292
1989	4432.32	205509.96	23	area	4432.32	0.021567422
1990	3518.64	209028.6	23	area	3518.64	0.016833295
1991	1752.84	210781.44	23	area	1752.84	0.008315912
1992	362.88	211144.32	23	area	362.88	0.001718635
1993	1882.44	213026.76	23	area	1882.44	0.008836636
1994	1082.16	214108.92	23	area	1082.16	0.00505425
1995	2439.72	216548.64	23	area	2439.72	0.011266383
1996	2222.64	218771.28	23	area	2222.64	0.010159652
1997	1911.6	220682.88	23	area	1911.6	0.008662203
1998	4772.52	225455.4	23	area	4772.52	0.021168355
1999	4118.04	229573.44	23	area	4118.04	0.017937789
2000	7387.2	236960.64	23	area	7387.2	0.031174798
2001	6648.48	243609.12	23	area	6648.48	0.027291589
2002	7293.24	250902.36	23	area	7293.24	0.029068041
2003	7471.44	258373.8	23	area	7471.44	0.028917173
2004	10423.08	268796.88	23	area	10423.08	0.038776789
2005	11929.68	280726.56	23	area	11929.68	0.04249573
2006	15305.76	296032.32	23	area	15305.76	0.051703003
2007	16177.32	312209.64	23	area	16177.32	0.051815569
2008	7597.8	319807.44	23	area	7597.8	0.023757421
2009	13018.32	332825.76	23	area	13018.32	0.03911452
2010	6330.96	339156.72	23	area	6330.96	0.018666769
2011	6684.12	345840.84	23	area	6684.12	0.019327156
2012	3295.08	349135.92	23	area	3295.08	0.009437814
2013	7150.68	356286.6	23	area	7150.68	0.020070022
2014	6483.24	362769.84	23	area	6483.24	0.017871497
2015	42.12	362811.96	23	area	42.12	0.000116093
1800	460.08	460.08	1	area		
1870	19495.08	19955.16	1	area	19495.08	0.976944309
1903	463.32	20418.48	1	area	463.32	0.022691209
1909	116.64	20535.12	1	area	116.64	0.005680025
1915	1723.68	22258.8	1	area	1723.68	0.077438137
1916	29130.84	51389.64	1	area	29130.84	0.566862115
1917	144358.2	195747.84	1	area	144358.2	0.737470207
1918	693.36	196441.2	1	area	693.36	0.003529606
1920	389752.56	586193.76	1	area	389752.56	0.664886914
1926	290984.4	877178.16	1	area	290984.4	0.331727821
1927	113.4	877291.56	1	area	113.4	0.000129261
1930	272.16	877563.72	1	area	272.16	0.000310131
1935	1496.88	879060.6	1	area	1496.88	0.001702818
1936	594721.44	1473782.04	1	area	594721.44	0.403534189
1938	1458	1475240.04	1	area	1458	0.000988314
1940	382.32	1475622.36	1	area	382.32	0.000259091
1941	2546.64	1478169	1	area	2546.64	0.001722834
1944	405	1478574	1	area	405	0.000273913
1951	69792.84	1548366.84	1	area	69792.84	0.045075132
1952	690.12	1549056.96	1	area	690.12	0.00044551
1954	11084.04	1560141	1	area	11084.04	0.007104512
1956	139.32	1560280.32	1	area	139.32	8.92916E-05
1959	291.6	1560571.92	1	area	291.6	0.000186855
1963	5611.68	1566183.6	1	area	5611.68	0.003583028
1964	93.96	1566277.56	1	area	93.96	5.99894E-05
1965	1927.8	1568205.36	1	area	1927.8	0.001229303
1966	14356.44	1582561.8	1	area	14356.44	0.009071646
1968	5115.96	1587677.76	1	area	5115.96	0.003222291
1970	421.2	1588098.96	1	area	421.2	0.000265223
1971	382.32	1588481.28	1	area	382.32	0.000240683
1972	1607.04	1590088.32	1	area	1607.04	0.001010661
1973	797.04	1590885.36	1	area	797.04	0.000501004
1974	11757.96	1602643.32	1	area	11757.96	0.007336604
1975	10727.64	1613370.96	1	area	10727.64	0.006649209
1976	3427.92	1616798.88	1	area	3427.92	0.002120189
1977	1535.76	1618334.64	1	area	1535.76	0.000948976
1978	366.12	1618700.76	1	area	366.12	0.000226181
1979	90.72	1618791.48	1	area	90.72	5.60418E-05
1980	1266.84	1620058.32	1	area	1266.84	0.000781972
1984	476.28	1620534.6	1	area	476.28	0.000293903
1985	181.44	1620716.04	1	area	181.44	0.000111951
1986	923.4	1621639.44	1	area	923.4	0.000569424
1988	246.24	1621885.68	1	area	246.24	0.000151823
1989	149.04	1622034.72	1	area	149.04	9.18846E-05
1990	1098.36	1623133.08	1	area	1098.36	0.000676691
1991	793.8	1623926.88	1	area	793.8	0.000488815
1992	2653.56	1626580.44	1	area	2653.56	0.001631373
1993	9000.72	1635581.16	1	area	9000.72	0.005503071
1994	2128.68	1637709.84	1	area	2128.68	0.001299791
1995	1088.64	1638798.48	1	area	1088.64	0.000664292
1996	8174.52	1646973	1	area	8174.52	0.00496336
1997	8187.48	1655160.48	1	area	8187.48	0.004946638
1998	23347.44	1678507.92	1	area	23347.44	0.013909639
1999	3437.64	1681945.56	1	area	3437.64	0.002043847
2000	10915.56	1692861.12	1	area	10915.56	0.006447995
2001	4412.88	1697274	1	area	4412.88	0.002599981
2002	1454.76	1698728.76	1	area	1454.76	0.000856382
2003	4762.8	1703491.56	1	area	4762.8	0.002795905
2004	6347.16	1709838.72	1	area	6347.16	0.00371214
2005	10863.72	1720702.44	1	area	10863.72	0.006313538
2006	4432.32	1725134.76	1	area	4432.32	0.00256926
2007	3369.6	1728504.36	1	area	3369.6	0.001949431
2008	4808.16	1733312.52	1	area	4808.16	0.002773972
2009	2948.4	1736260.92	1	area	2948.4	0.001698132
2010	2491.56	1738752.48	1	area	2491.56	0.001432958
2011	1419.12	1740171.6	1	area	1419.12	0.000815506
2012	1801.44	1741973.04	1	area	1801.44	0.001034138
2013	1837.08	1743810.12	1	area	1837.08	0.001053486
2014	716.04	1744526.16	1	area	716.04	0.00041045
2015	304.56	1744830.72	1	area	304.56	0.00017455
1819	1172.88	1172.88	23	core		
1895	826.2	1999.08	23	core	826.2	0.413290113
1917	19582.56	21581.64	23	core	19582.56	0.907371266
1920	6.48	21588.12	23	core	6.48	0.000300165
1927	962.28	22550.4	23	core	962.28	0.042672414
1929	1445.04	23995.44	23	core	1445.04	0.060221442
1933	845.64	24841.08	23	core	845.64	0.034041998
1935	680.4	25521.48	23	core	680.4	0.026659896
1936	85552.2	111073.68	23	core	85552.2	0.770229275
1938	1296	112369.68	23	core	1296	0.01153336
1939	5592.24	117961.92	23	core	5592.24	0.047407163
1940	946.08	118908	23	core	946.08	0.007956403
1941	9.72	118917.72	23	core	9.72	8.17372E-05
1948	3440.88	122358.6	23	core	3440.88	0.028121276
1951	294.84	122653.44	23	core	294.84	0.002403846
1952	3.24	122656.68	23	core	3.24	2.64152E-05
1954	563.76	123220.44	23	core	563.76	0.004575215
1956	252.72	123473.16	23	core	252.72	0.002046761
1959	9.72	123482.88	23	core	9.72	7.87154E-05
1961	903.96	124386.84	23	core	903.96	0.007267328
1962	191.16	124578	23	core	191.16	0.00153446
1963	732.24	125310.24	23	core	732.24	0.005843417
1967	298.08	125608.32	23	core	298.08	0.002373091
1968	1159.92	126768.24	23	core	1159.92	0.009149926
1969	298.08	127066.32	23	core	298.08	0.002345862
1970	6.48	127072.8	23	core	6.48	5.09944E-05
1971	165.24	127238.04	23	core	165.24	0.001298668
1972	635.04	127873.08	23	core	635.04	0.004966174
1973	100.44	127973.52	23	core	100.44	0.00078485
1974	764.64	128738.16	23	core	764.64	0.005939498
1975	1675.08	130413.24	23	core	1675.08	0.012844401
1976	58.32	130471.56	23	core	58.32	0.000446994
1977	210.6	130682.16	23	core	210.6	0.001611544
1978	1104.84	131787	23	core	1104.84	0.008383528
1979	184.68	131971.68	23	core	184.68	0.001399391
1980	379.08	132350.76	23	core	379.08	0.002864207
1981	703.08	133053.84	23	core	703.08	0.005284177
1982	139.32	133193.16	23	core	139.32	0.001046
1983	64.8	133257.96	23	core	64.8	0.000486275
1984	236.52	133494.48	23	core	236.52	0.001771759
1985	725.76	134220.24	23	core	725.76	0.005407232
1986	469.8	134690.04	23	core	469.8	0.003488008
1987	916.92	135606.96	23	core	916.92	0.0067616
1988	1623.24	137230.2	23	core	1623.24	0.011828592
1989	1568.16	138798.36	23	core	1568.16	0.011298116
1990	1185.84	139984.2	23	core	1185.84	0.008471242
1991	469.8	140454	23	core	469.8	0.003344867
1992	77.76	140531.76	23	core	77.76	0.000553327
1993	456.84	140988.6	23	core	456.84	0.003240262
1994	220.32	141208.92	23	core	220.32	0.001560241
1995	547.56	141756.48	23	core	547.56	0.003862681
1996	625.32	142381.8	23	core	625.32	0.004391853
1997	537.84	142919.64	23	core	537.84	0.003763234
1998	1613.52	144533.16	23	core	1613.52	0.011163667
1999	1253.88	145787.04	23	core	1253.88	0.008600765
2000	1882.44	147669.48	23	core	1882.44	0.012747658
2001	1914.84	149584.32	23	core	1914.84	0.012801074
2002	1908.36	151492.68	23	core	1908.36	0.012597044
2003	2316.6	153809.28	23	core	2316.6	0.01506151
2004	3188.16	156997.44	23	core	3188.16	0.020307083
2005	3956.04	160953.48	23	core	3956.04	0.024578779
2006	4613.76	165567.24	23	core	4613.76	0.027866382
2007	5799.6	171366.84	23	core	5799.6	0.033843187
2008	1752.84	173119.68	23	core	1752.84	0.010125019
2009	4623.48	177743.16	23	core	4623.48	0.02601214
2010	1668.6	179411.76	23	core	1668.6	0.009300394
2011	1655.64	181067.4	23	core	1655.64	0.009143777
2012	819.72	181887.12	23	core	819.72	0.004506751
2013	2352.24	184239.36	23	core	2352.24	0.012767304
2014	2229.12	186468.48	23	core	2229.12	0.011954406
2015	3.24	186471.72	23	core	3.24	1.73753E-05
1800	200.88	200.88	1	core		
1870	15221.52	15422.4	1	core	15221.52	0.98697479
1903	230.04	15652.44	1	core	230.04	0.01469675
1909	16.2	15668.64	1	core	16.2	0.001033912
1915	1305.72	16974.36	1	core	1305.72	0.076923077
1916	23328	40302.36	1	core	23328	0.578824664
1917	112567.32	152869.68	1	core	112567.32	0.736361324
1918	213.84	153083.52	1	core	213.84	0.001396885
1920	286817.76	439901.28	1	core	286817.76	0.652004832
1926	267925.32	707826.6	1	core	267925.32	0.378518298
1927	6.48	707833.08	1	core	6.48	9.1547E-06
1930	42.12	707875.2	1	core	42.12	5.9502E-05
1935	758.16	708633.36	1	core	758.16	0.00106989
1936	463802.76	1172436.12	1	core	463802.76	0.395588938
1938	1095.12	1173531.24	1	core	1095.12	0.000933184
1940	230.04	1173761.28	1	core	230.04	0.000195985
1941	1522.8	1175284.08	1	core	1522.8	0.001295687
1944	110.16	1175394.24	1	core	110.16	9.37217E-05
1951	52867.08	1228261.32	1	core	52867.08	0.043042209
1952	333.72	1228595.04	1	core	333.72	0.000271627
1954	8854.92	1237449.96	1	core	8854.92	0.00715578
1956	38.88	1237488.84	1	core	38.88	3.14185E-05
1959	29.16	1237518	1	core	29.16	2.35633E-05
1963	2692.44	1240210.44	1	core	2692.44	0.002170954
1964	25.92	1240236.36	1	core	25.92	2.08992E-05
1965	1483.92	1241720.28	1	core	1483.92	0.001195052
1966	6700.32	1248420.6	1	core	6700.32	0.005367037
1968	1263.6	1249684.2	1	core	1263.6	0.001011135
1970	171.72	1249855.92	1	core	171.72	0.000137392
1971	103.68	1249959.6	1	core	103.68	8.29467E-05
1972	1046.52	1251006.12	1	core	1046.52	0.000836543
1973	330.48	1251336.6	1	core	330.48	0.000264102
1974	6885	1258221.6	1	core	6885	0.005472009
1975	6583.68	1264805.28	1	core	6583.68	0.005205291
1976	1982.88	1266788.16	1	core	1982.88	0.001565281
1977	547.56	1267335.72	1	core	547.56	0.000432056
1978	110.16	1267445.88	1	core	110.16	8.6915E-05
1979	9.72	1267455.6	1	core	9.72	7.66891E-06
1980	654.48	1268110.08	1	core	654.48	0.000516107
1984	152.28	1268262.36	1	core	152.28	0.00012007
1985	9.72	1268272.08	1	core	9.72	7.66397E-06
1986	330.48	1268602.56	1	core	330.48	0.000260507
1988	100.44	1268703	1	core	100.44	7.91675E-05
1989	29.16	1268732.16	1	core	29.16	2.29836E-05
1990	473.04	1269205.2	1	core	473.04	0.000372706
1991	317.52	1269522.72	1	core	317.52	0.00025011
1992	1487.16	1271009.88	1	core	1487.16	0.001170062
1993	6635.52	1277645.4	1	core	6635.52	0.005193554
1994	576.72	1278222.12	1	core	576.72	0.000451189
1995	249.48	1278471.6	1	core	249.48	0.000195139
1996	6441.12	1284912.72	1	core	6441.12	0.005012885
1997	4374	1289286.72	1	core	4374	0.003392574
1998	14667.48	1303954.2	1	core	14667.48	0.011248463
1999	2394.36	1306348.56	1	core	2394.36	0.001832865
2000	5151.6	1311500.16	1	core	5151.6	0.003928021
2001	2290.68	1313790.84	1	core	2290.68	0.001743565
2002	298.08	1314088.92	1	core	298.08	0.000226834
2003	1911.6	1316000.52	1	core	1911.6	0.001452583
2004	2452.68	1318453.2	1	core	2452.68	0.001860271
2005	5320.08	1323773.28	1	core	5320.08	0.004018875
2006	1240.92	1325014.2	1	core	1240.92	0.000936533
2007	946.08	1325960.28	1	core	946.08	0.000713506
2008	1863	1327823.28	1	core	1863	0.001403048
2009	1065.96	1328889.24	1	core	1065.96	0.000802144
2010	554.04	1329443.28	1	core	554.04	0.000416746
2011	385.56	1329828.84	1	core	385.56	0.000289932
2012	615.6	1330444.44	1	core	615.6	0.000462703
2013	579.96	1331024.4	1	core	579.96	0.000435725
2014	136.08	1331160.48	1	core	136.08	0.000102227
2015	81	1331241.48	1	core	81	6.08455E-05
